    # [0.41824254 0.         0.38242683 1.041839   0.         1.16508436
    #  0.81420916 0.96830255 0.         0.45293742 1.25321531 0.90334588
    #  0.         0.03888164 0.73888123 0.         0.         0.
    #  0.         0.]

    # [0.44467565 0.         0.24115682 0.         0.         0.34530815
    #  0.         0.         0.         0.         0.         0.75046057
    #  0.         0.         0.78302455 0.         0.         0.
    #  0.         0.]


[0.06940867 0.         0.92700452 0.49726579 0.         0.
 0.6873886  0.60041094 0.34469911 0.4158971  0.58952373 0.97025645
 0.28603029 0.         0.90693629 0.12718269 0.         0.
 0.         0.        ]

[0.04517075 0.24119358 0.72319955 0.83526051 0.         0.
 0.79455262 0.32238013 0.60318911 0.         0.5937891  0.71082175
 0.31952292 0.35765108 0.70873624 0.17669253 0.24471104 0.
 0.         0.        ]
